Source Program:
const x = 1, b = 4;
var m, j;
begin
	m :=b*(x+7);
	read j;
	if m>=j+b then
		j:=j*2;
	while j>m do
		j:=j-1;
	write m;
end.
Lexeme Table:
lexeme     token type
const      28
x      2
=      9
1      1
,      17
b      2
=      9
4      4
;      18
var      29
m      2
,      17
j      2
;      18
begin      21
m      2
:=      20
b      2
*      6
(      15
x      2
+      4
7      7
)      16
;      18
read      32
j      2
;      18
if      23
m      2
>=      14
j      2
+      4
b      2
then      24
j      2
:=      20
j      2
*      6
2      2
;      18
while      25
j      2
>      13
m      2
do      26
j      2
:=      20
j      2
-      5
1      1
;      18
write      31
m      2
;      18
end      22
.      19

Lexeme List:
28 2 x 9 3 1 17 2 b 9 3 4 18 29 2 m 17 2 j 18 21 2 m 20 2 b 6 15 2 x 4 3 7 16 18 32 2 j 18 23 2 m 14 2 j 4 2 b 24 2 j 20 2 j 6 3 2 18 25 2 j 13 2 m 26 2 j 20 2 j 5 3 1 18 31 2 m 18 22 19 

6 0 6
1 0 4
1 0 1
1 0 7
2 0 2
2 0 4
4 0 4
10 0 2
4 0 5
3 0 4
3 0 5
1 0 4
2 0 2
2 0 13
8 0 30
3 0 5
1 0 2
2 0 4
4 0 5
3 0 5
3 0 4
2 0 12
8 0 28
3 0 5
1 0 1
2 0 3
4 0 5
7 0 19
3 0 4
9 0 1
11 0 3


Line   OP  	 L 	 M
0     INC  	 0  	 6
1     LIT  	 0  	 4
2     LIT  	 0  	 1
3     LIT  	 0  	 7
4     OPR  	 0  	 2
5     OPR  	 0  	 4
6     STO  	 0  	 4
7     SIO  	 0  	 2
8     STO  	 0  	 5
9     LOD  	 0  	 4
10     LOD  	 0  	 5
11     LIT  	 0  	 4
12     OPR  	 0  	 2
13     OPR  	 0  	 13
14     JPC  	 0  	 30
15     LOD  	 0  	 5
16     LIT  	 0  	 2
17     OPR  	 0  	 4
18     STO  	 0  	 5
19     LOD  	 0  	 5
20     LOD  	 0  	 4
21     OPR  	 0  	 12
22     JPC  	 0  	 28
23     LOD  	 0  	 5
24     LIT  	 0  	 1
25     OPR  	 0  	 3
26     STO  	 0  	 5
27     JMP  	 0  	 19
28     LOD  	 0  	 4
29     SIO  	 0  	 1
30     SIO  	 0  	 3

Initial Values 		PC		BP 		SP 		Stack
0 INC 0 6 		1 		999 		994 		0 0 0 0 0 0 
1 LIT 0 4 		2 		999 		993 		0 0 0 0 0 0 4 
2 LIT 0 1 		3 		999 		992 		0 0 0 0 0 0 4 1 
3 LIT 0 7 		4 		999 		991 		0 0 0 0 0 0 4 1 7 
4 OPR 0 2 		5 		999 		992 		0 0 0 0 0 0 4 8 
5 OPR 0 4 		6 		999 		993 		0 0 0 0 0 0 32 
6 STO 0 4 		7 		999 		994 		0 0 0 0 32 0 
7 SIO 0 2 		8 		999 		993 		0 0 0 0 32 0 16 
8 STO 0 5 		9 		999 		994 		0 0 0 0 32 16 
9 LOD 0 4 		10 		999 		993 		0 0 0 0 32 16 32 
10 LOD 0 5 		11 		999 		992 		0 0 0 0 32 16 32 16 
11 LIT 0 4 		12 		999 		991 		0 0 0 0 32 16 32 16 4 
12 OPR 0 2 		13 		999 		992 		0 0 0 0 32 16 32 20 
13 OPR 0 13 		14 		999 		993 		0 0 0 0 32 16 1 
14 JPC 0 30 		15 		999 		994 		0 0 0 0 32 16 
15 LOD 0 5 		16 		999 		993 		0 0 0 0 32 16 16 
16 LIT 0 2 		17 		999 		992 		0 0 0 0 32 16 16 2 
17 OPR 0 4 		18 		999 		993 		0 0 0 0 32 16 32 
18 STO 0 5 		19 		999 		994 		0 0 0 0 32 32 
19 LOD 0 5 		20 		999 		993 		0 0 0 0 32 32 32 
20 LOD 0 4 		21 		999 		992 		0 0 0 0 32 32 32 32 
21 OPR 0 12 		22 		999 		993 		0 0 0 0 32 32 0 
22 JPC 0 28 		28 		999 		994 		0 0 0 0 32 32 
28 LOD 0 4 		29 		999 		993 		0 0 0 0 32 32 32 
29 SIO 0 1 		30 		999 		994 		0 0 0 0 32 32 


