Line   OP  	 L 	 M
0     INC  	 0  	 6
1     LIT  	 0  	 4
2     LIT  	 0  	 1
3     LIT  	 0  	 7
4     OPR  	 0  	 2
5     OPR  	 0  	 4
6     STO  	 0  	 4
7     SIO  	 0  	 2
8     STO  	 0  	 5
9     LOD  	 0  	 4
10     LOD  	 0  	 5
11     LIT  	 0  	 4
12     OPR  	 0  	 2
13     OPR  	 0  	 13
14     JPC  	 0  	 30
15     LOD  	 0  	 5
16     LIT  	 0  	 2
17     OPR  	 0  	 4
18     STO  	 0  	 5
19     LOD  	 0  	 5
20     LOD  	 0  	 4
21     OPR  	 0  	 12
22     JPC  	 0  	 28
23     LOD  	 0  	 5
24     LIT  	 0  	 1
25     OPR  	 0  	 3
26     STO  	 0  	 5
27     JMP  	 0  	 19
28     LOD  	 0  	 4
29     SIO  	 0  	 1
30     SIO  	 0  	 3

Initial Values 		PC		BP 		SP 		Stack
0 INC 0 6 		1 		999 		994 		0 0 0 0 0 0 
1 LIT 0 4 		2 		999 		993 		0 0 0 0 0 0 4 
2 LIT 0 1 		3 		999 		992 		0 0 0 0 0 0 4 1 
3 LIT 0 7 		4 		999 		991 		0 0 0 0 0 0 4 1 7 
4 OPR 0 2 		5 		999 		992 		0 0 0 0 0 0 4 8 
5 OPR 0 4 		6 		999 		993 		0 0 0 0 0 0 32 
6 STO 0 4 		7 		999 		994 		0 0 0 0 32 0 
7 SIO 0 2 		8 		999 		993 		0 0 0 0 32 0 16 
8 STO 0 5 		9 		999 		994 		0 0 0 0 32 16 
9 LOD 0 4 		10 		999 		993 		0 0 0 0 32 16 32 
10 LOD 0 5 		11 		999 		992 		0 0 0 0 32 16 32 16 
11 LIT 0 4 		12 		999 		991 		0 0 0 0 32 16 32 16 4 
12 OPR 0 2 		13 		999 		992 		0 0 0 0 32 16 32 20 
13 OPR 0 13 		14 		999 		993 		0 0 0 0 32 16 1 
14 JPC 0 30 		15 		999 		994 		0 0 0 0 32 16 
15 LOD 0 5 		16 		999 		993 		0 0 0 0 32 16 16 
16 LIT 0 2 		17 		999 		992 		0 0 0 0 32 16 16 2 
17 OPR 0 4 		18 		999 		993 		0 0 0 0 32 16 32 
18 STO 0 5 		19 		999 		994 		0 0 0 0 32 32 
19 LOD 0 5 		20 		999 		993 		0 0 0 0 32 32 32 
20 LOD 0 4 		21 		999 		992 		0 0 0 0 32 32 32 32 
21 OPR 0 12 		22 		999 		993 		0 0 0 0 32 32 0 
22 JPC 0 28 		28 		999 		994 		0 0 0 0 32 32 
28 LOD 0 4 		29 		999 		993 		0 0 0 0 32 32 32 
29 SIO 0 1 		30 		999 		994 		0 0 0 0 32 32 
30 SIO 0 3 		31 		999 		994 		
